[Wind]
bMassIndependent=0
fOverallForce=10.000000
fOsc01Force=0.670000
fOsc01Frequency=4.290000
fOsc02Force=0.550000
fOsc02Frequency=8.930000
fOsc02Span=1.000000
fNoise=1.000000
fHeightFactor=1.000000
iMultithreadThreshold=500
